pos_x,pos_y,hit_time,type_note,end_time
200,0,408,5,408
800,0,408,1,408
400,0,741,1,741
600,0,741,1,741
800,0,1074,1,1074
200,0,1407,1,1407
400,0,1407,1,1407
600,0,1741,1,1741
400,0,2074,1,2074
800,0,2074,1,2074
600,0,2241,1,2241
200,0,2407,1,2407
600,0,2741,1,2741
800,0,2741,1,2741
400,0,3074,1,3074
200,0,3407,1,3407
600,0,3407,1,3407
800,0,3741,1,3741
200,0,4074,1,4074
400,0,4074,1,4074
600,0,4407,1,4407
200,0,4741,1,4741
800,0,4741,1,4741
600,0,4907,1,4907
400,0,5074,1,5074
600,0,5407,1,5407
800,0,5407,1,5407
200,0,5741,1,5741
400,0,5741,1,5741
400,0,6074,1,6074
600,0,6074,1,6074
800,0,6407,1,6407
200,0,6741,1,6741
400,0,6741,1,6741
800,0,7074,1,7074
200,0,7407,1,7407
600,0,7407,1,7407
400,0,7574,1,7574
800,0,7741,1,7741
200,0,8074,1,8074
400,0,8074,1,8074
600,0,8407,1,8407
400,0,8741,1,8741
800,0,8741,1,8741
200,0,9074,1,9074
800,0,9407,1,9407
600,0,9491,1,9491
400,0,9574,1,9574
200,0,9657,1,9657
800,0,9741,1,9741
400,0,9907,1,9907
800,0,10241,1,10241
600,0,10324,1,10324
400,0,10407,1,10407
200,0,10741,128,11074
400,0,10741,1,10741
600,0,11074,1,11074
800,0,11074,128,11407
200,0,11407,1,11407
400,0,11407,1,11407
600,0,11574,1,11574
800,0,11741,1,11741
200,0,11907,1,11907
400,0,12074,1,12074
800,0,12074,1,12074
600,0,12241,1,12241
200,0,12407,128,12741
600,0,12741,1,12741
800,0,12741,1,12741
400,0,12907,1,12907
200,0,13074,1,13074
800,0,13241,1,13241
200,0,13407,1,13407
600,0,13407,1,13407
400,0,13574,1,13574
600,0,13741,128,14074
200,0,14074,1,14074
400,0,14074,1,14074
800,0,14241,1,14241
600,0,14407,1,14407
400,0,14574,1,14574
200,0,14741,1,14741
800,0,14741,1,14741
600,0,14907,1,14907
400,0,15074,128,15407
600,0,15407,1,15407
800,0,15407,1,15407
200,0,15574,1,15574
400,0,15741,1,15741
600,0,15907,1,15907
200,0,16074,1,16074
800,0,16074,1,16074
400,0,16241,1,16241
600,0,16407,128,16741
800,0,16407,1,16407
200,0,16741,1,16741
400,0,16741,1,16741
800,0,16907,1,16907
600,0,17074,1,17074
200,0,17241,1,17241
400,0,17407,1,17407
800,0,17407,1,17407
600,0,17574,1,17574
400,0,17741,128,18074
600,0,18074,1,18074
800,0,18074,1,18074
200,0,18241,1,18241
400,0,18407,1,18407
800,0,18574,1,18574
200,0,18741,1,18741
600,0,18741,1,18741
400,0,18907,1,18907
800,0,19074,128,19407
200,0,19407,1,19407
400,0,19407,1,19407
600,0,19574,1,19574
800,0,19741,1,19741
400,0,19907,1,19907
200,0,20074,1,20074
600,0,20074,1,20074
800,0,20241,1,20241
400,0,20407,1,20407
200,0,20574,1,20574
600,0,20741,1,20741
800,0,20741,1,20741
200,0,21074,1,21074
400,0,21157,1,21157
600,0,21241,1,21241
800,0,21324,1,21324
400,0,21407,1,21407
600,0,21574,1,21574
200,0,21741,1,21741
400,0,21741,1,21741
600,0,22074,1,22074
800,0,22074,1,22074
400,0,22241,1,22241
200,0,22407,1,22407
600,0,22574,1,22574
400,0,22741,1,22741
800,0,22741,1,22741
200,0,22907,1,22907
600,0,23074,1,23074
200,0,23407,1,23407
400,0,23407,1,23407
600,0,23574,1,23574
800,0,23741,1,23741
400,0,23907,1,23907
200,0,24074,1,24074
600,0,24074,1,24074
800,0,24241,1,24241
400,0,24407,128,24741
600,0,24741,1,24741
800,0,24741,1,24741
200,0,24907,1,24907
400,0,25074,1,25074
800,0,25241,1,25241
200,0,25407,1,25407
600,0,25407,1,25407
400,0,25574,1,25574
800,0,25741,128,26074
200,0,26074,1,26074
400,0,26074,1,26074
600,0,26241,1,26241
200,0,26407,1,26407
400,0,26491,1,26491
600,0,26574,1,26574
400,0,26741,1,26741
800,0,26741,1,26741
200,0,27074,128,27241
600,0,27241,128,27407
400,0,27407,128,27574
800,0,27574,128,27741
200,0,27741,128,27907
600,0,27907,128,28074
400,0,28074,128,28241
800,0,28241,128,28407
200,0,28407,128,28574
600,0,28574,128,28741
400,0,28741,128,28907
800,0,28907,128,29074
200,0,29074,128,29241
600,0,29241,1,29241
400,0,29407,1,29407
600,0,29491,1,29491
800,0,29574,1,29574
200,0,29741,128,30074
400,0,29741,1,29741
600,0,30074,1,30074
800,0,30074,1,30074
400,0,30241,1,30241
200,0,30407,1,30407
600,0,30574,1,30574
200,0,30741,1,30741
400,0,30741,1,30741
800,0,30907,1,30907
600,0,31074,128,31407
200,0,31407,1,31407
400,0,31407,1,31407
800,0,31574,1,31574
200,0,31741,1,31741
400,0,31824,1,31824
600,0,31907,1,31907
800,0,31991,1,31991
200,0,32074,1,32074
600,0,32407,1,32407
800,0,32407,1,32407
400,0,32574,1,32574
200,0,32741,1,32741
600,0,32907,1,32907
800,0,32907,1,32907
400,0,33074,1,33074
200,0,33241,1,33241
600,0,33407,1,33407
800,0,33407,1,33407
400,0,33574,1,33574
200,0,33741,1,33741
600,0,33741,1,33741
800,0,33907,1,33907
400,0,34074,1,34074
200,0,34241,1,34241
600,0,34241,1,34241
800,0,34407,1,34407
400,0,34574,1,34574
800,0,34741,1,34741
600,0,34824,1,34824
400,0,34907,1,34907
200,0,34991,1,34991
600,0,35074,1,35074
800,0,35074,128,35407
200,0,35407,1,35407
400,0,35407,1,35407
600,0,35574,1,35574
800,0,35741,1,35741
400,0,35907,1,35907
200,0,36074,1,36074
800,0,36074,1,36074
600,0,36407,128,36741
200,0,36741,1,36741
400,0,36741,1,36741
800,0,37074,1,37074
600,0,37157,1,37157
400,0,37241,1,37241
200,0,37324,1,37324
600,0,37407,1,37407
200,0,37741,1,37741
400,0,37741,1,37741
600,0,37907,1,37907
800,0,38074,1,38074
200,0,38241,1,38241
400,0,38241,1,38241
600,0,38407,1,38407
800,0,38574,1,38574
200,0,38741,1,38741
400,0,38741,1,38741
600,0,38907,1,38907
400,0,39074,1,39074
800,0,39074,1,39074
200,0,39241,1,39241
600,0,39407,1,39407
400,0,39574,1,39574
800,0,39574,1,39574
200,0,39741,1,39741
600,0,39907,1,39907
200,0,40074,1,40074
400,0,40157,1,40157
600,0,40241,1,40241
800,0,40324,1,40324
200,0,40407,128,40741
400,0,40407,1,40407
600,0,40741,1,40741
800,0,40741,1,40741
400,0,40907,1,40907
200,0,41074,1,41074
600,0,41241,1,41241
200,0,41407,1,41407
800,0,41407,1,41407
400,0,41741,128,42074
600,0,42074,1,42074
800,0,42074,1,42074
200,0,42407,1,42407
400,0,42491,1,42491
600,0,42574,1,42574
800,0,42657,1,42657
200,0,42741,1,42741
600,0,42907,1,42907
200,0,43074,128,44407
400,0,43074,1,43074
400,0,44407,1,44407
800,0,44407,1,44407
600,0,45074,128,45407
200,0,45407,128,45741
400,0,45741,1,45741
800,0,45741,1,45741
600,0,45907,1,45907
200,0,46074,1,46074
400,0,46074,1,46074
800,0,46241,1,46241
200,0,46407,1,46407
600,0,46574,1,46574
200,0,46741,1,46741
400,0,46741,1,46741
800,0,46907,1,46907
400,0,47074,1,47074
600,0,47241,1,47241
200,0,47407,1,47407
800,0,47407,1,47407
600,0,47741,1,47741
400,0,47907,1,47907
200,0,48074,1,48074
800,0,48074,1,48074
600,0,48407,1,48407
400,0,48574,1,48574
200,0,48741,1,48741
600,0,48741,1,48741
400,0,49074,1,49074
600,0,49241,1,49241
400,0,49407,1,49407
800,0,49407,1,49407
200,0,49741,1,49741
400,0,49907,1,49907
600,0,50074,1,50074
800,0,50074,1,50074
800,0,50407,1,50407
600,0,50491,1,50491
400,0,50574,1,50574
200,0,50741,1,50741
400,0,50824,1,50824
600,0,50907,1,50907
200,0,51074,1,51074
400,0,51074,1,51074
600,0,51407,1,51407
800,0,51407,1,51407
400,0,51741,1,51741
600,0,51907,1,51907
400,0,52074,1,52074
800,0,52074,1,52074
600,0,52407,1,52407
400,0,52574,1,52574
200,0,52741,1,52741
600,0,52741,1,52741
800,0,53074,1,53074
600,0,53241,1,53241
200,0,53407,1,53407
400,0,53407,1,53407
600,0,53741,1,53741
800,0,53741,1,53741
400,0,53907,1,53907
200,0,54074,1,54074
800,0,54074,1,54074
400,0,54407,1,54407
600,0,54574,1,54574
200,0,54741,1,54741
800,0,54741,1,54741
600,0,55074,128,55241
400,0,55241,128,55407
800,0,55407,128,55574
200,0,55574,128,55741
800,0,55741,1,55741
600,0,55824,1,55824
400,0,55907,1,55907
200,0,56074,1,56074
400,0,56157,1,56157
600,0,56241,1,56241
200,0,56407,1,56407
800,0,56407,1,56407
400,0,56574,1,56574
600,0,56741,1,56741
800,0,56741,1,56741
200,0,56907,1,56907
600,0,57074,1,57074
400,0,57241,1,57241
600,0,57407,1,57407
800,0,57407,1,57407
200,0,57574,1,57574
800,0,57741,1,57741
400,0,57907,1,57907
200,0,58074,1,58074
600,0,58074,1,58074
400,0,58407,1,58407
600,0,58574,1,58574
200,0,58741,1,58741
800,0,58741,1,58741
400,0,59074,1,59074
600,0,59241,1,59241
400,0,59407,1,59407
800,0,59407,1,59407
600,0,59741,1,59741
400,0,59907,1,59907
200,0,60074,1,60074
600,0,60074,1,60074
800,0,60407,1,60407
600,0,60574,1,60574
200,0,60741,1,60741
400,0,60741,1,60741
800,0,61074,1,61074
200,0,61241,1,61241
800,0,61407,1,61407
600,0,61491,1,61491
400,0,61574,1,61574
200,0,61657,1,61657
600,0,61741,1,61741
800,0,61741,1,61741
200,0,62074,1,62074
400,0,62074,1,62074
600,0,62407,1,62407
400,0,62574,1,62574
200,0,62741,1,62741
600,0,62741,1,62741
400,0,63074,1,63074
600,0,63241,1,63241
400,0,63407,1,63407
800,0,63407,1,63407
200,0,63741,1,63741
400,0,63907,1,63907
600,0,64074,1,64074
800,0,64074,1,64074
200,0,64407,1,64407
400,0,64407,1,64407
600,0,64574,1,64574
200,0,64741,1,64741
800,0,64741,1,64741
600,0,65074,1,65074
400,0,65241,1,65241
200,0,65407,1,65407
800,0,65407,1,65407
400,0,65741,1,65741
600,0,65907,1,65907
200,0,66074,1,66074
800,0,66074,1,66074
400,0,66407,1,66407
600,0,66491,1,66491
800,0,66574,1,66574
200,0,66741,1,66741
400,0,66824,1,66824
600,0,66907,1,66907
200,0,67074,128,68407
400,0,67074,1,67074
600,0,68407,1,68407
800,0,68407,1,68407
200,0,69741,128,70074
400,0,69741,1,69741
600,0,70074,1,70074
800,0,70074,1,70074
400,0,70241,1,70241
200,0,70407,1,70407
800,0,70574,1,70574
200,0,70741,1,70741
600,0,70741,1,70741
400,0,70907,1,70907
800,0,71074,128,71407
200,0,71407,1,71407
400,0,71407,1,71407
600,0,71574,1,71574
800,0,71741,1,71741
200,0,71907,1,71907
400,0,72074,1,72074
800,0,72074,1,72074
600,0,72241,1,72241
400,0,72407,128,72741
600,0,72741,1,72741
800,0,72741,1,72741
200,0,72907,1,72907
400,0,73074,1,73074
600,0,73241,1,73241
200,0,73407,1,73407
800,0,73407,1,73407
400,0,73574,1,73574
600,0,73741,128,74074
200,0,74074,1,74074
400,0,74074,1,74074
800,0,74241,1,74241
600,0,74407,1,74407
400,0,74574,1,74574
200,0,74741,1,74741
800,0,74741,1,74741
600,0,74907,1,74907
200,0,75074,1,75074
400,0,75074,128,75407
600,0,75407,1,75407
800,0,75407,1,75407
200,0,75574,1,75574
400,0,75741,1,75741
800,0,75907,1,75907
200,0,76074,1,76074
600,0,76074,1,76074
400,0,76241,1,76241
600,0,76407,128,76741
200,0,76741,1,76741
400,0,76741,1,76741
800,0,76907,1,76907
600,0,77074,1,77074
200,0,77241,1,77241
400,0,77407,1,77407
800,0,77407,1,77407
600,0,77574,1,77574
200,0,77741,128,78074
600,0,78074,1,78074
800,0,78074,1,78074
400,0,78241,1,78241
200,0,78407,1,78407
600,0,78574,1,78574
200,0,78741,1,78741
800,0,78741,1,78741
600,0,79074,128,79241
400,0,79241,128,79407
800,0,79407,128,79574
200,0,79574,128,79741
400,0,79741,1,79741
600,0,79824,1,79824
800,0,79907,1,79907
600,0,80074,1,80074
400,0,80157,1,80157
200,0,80241,1,80241
600,0,80407,128,80662
800,0,80407,1,80407
400,0,80662,128,80918
600,0,80918,1,80918
200,0,81088,128,81352
800,0,81352,128,81617
600,0,81617,1,81617
200,0,81793,128,82050
800,0,82050,128,82307
200,0,82307,1,82307
400,0,82478,128,82744
600,0,82744,128,83010
800,0,83010,128,87803
200,0,87803,128,88158
